x
-1.000000000000000 1.000000000000000
1 -64.00000000000000 0.000000000000000
2 -77.00000000000000 -68.00000000000000
3 -86.00000000000000 -68.00000000000000
4 -93.00000000000000 0.000000000000000
5 -97.00000000000000 0.000000000000000
6 -92.00000000000000 0.000000000000000
7 -90.00000000000000 -72.00000000000000
8 -93.00000000000000 0.000000000000000
9 -93.00000000000000 0.000000000000000
10 -97.00000000000000 0.000000000000000
11 -94.00000000000000 0.000000000000000
12 -96.00000000000000 0.000000000000000
13 -90.00000000000000 0.000000000000000
14 -97.00000000000000 0.000000000000000
